0 inf
0.02 5911.89
0.04 4910.64
0.06 4328.83
0.08 3918.75
0.1 3602.77
0.12 3346.31
0.14 3130.91
0.16 2945.59
0.18 2783.22
0.2 2638.96
0.22 2509.36
0.24 2391.86
0.26 2284.52
0.28 2185.83
0.3 2094.59
0.32 2009.86
0.34 1930.83
0.36 1856.85
0.38 1787.38
0.4 1721.95
0.42 1660.18
0.44 1601.71
0.46 1546.26
0.48 1493.57
0.5 1443.41
0.52 1395.59
0.54 1349.92
0.56 1306.26
0.58 1264.45
0.6 1224.39
0.62 1185.94
0.64 1149.01
0.66 1113.5
0.68 1079.34
0.7 1046.43
0.72 1014.72
0.74 984.133
0.76 954.611
0.78 926.099
0.8 898.545
0.82 871.904
0.84 846.129
0.86 821.182
0.88 797.023
0.9 773.618
0.92 750.933
0.94 728.936
0.96 707.601
0.98 686.898
1 666.802
1.02 647.29
1.04 628.338
1.06 609.926
1.08 592.033
1.1 574.64
1.12 557.729
1.14 541.283
1.16 525.286
1.18 509.722
1.2 494.577
1.22 479.838
1.24 465.49
1.26 451.521
1.28 437.92
1.3 424.675
1.32 411.775
1.34 399.21
1.36 386.969
1.38 375.044
1.4 363.426
1.42 352.104
1.44 341.072
1.46 330.322
1.48 319.845
1.5 309.634
1.52 299.682
1.54 289.983
1.56 280.53
1.58 271.317
1.6 262.337
1.62 253.585
1.64 245.055
1.66 236.742
1.68 228.641
1.7 220.746
1.72 213.053
1.74 205.558
1.76 198.255
1.78 191.14
1.8 184.209
1.82 177.458
1.84 170.884
1.86 164.482
1.88 158.248
1.9 152.179
1.92 146.272
1.94 140.523
1.96 134.929
1.98 129.487
2 124.194
2.02 119.046
2.04 114.041
2.06 109.177
2.08 104.45
2.1 99.8575
2.12 95.3975
2.14 91.0672
2.16 86.8643
2.18 82.7864
2.2 78.8313
2.22 74.9966
2.24 71.2803
2.26 67.6802
2.28 64.1943
2.3 60.8206
2.32 57.5572
2.34 54.4021
2.36 51.3535
2.38 48.4096
2.4 45.5687
2.42 42.829
2.44 40.189
2.46 37.6469
2.48 35.2011
2.5 32.8502
2.52 30.5926
2.54 28.4269
2.56 26.3515
2.58 24.3652
2.6 22.4664
2.62 20.654
2.64 18.9265
2.66 17.2826
2.68 15.7212
2.7 14.241
2.72 12.8408
2.74 11.5195
2.76 10.2758
2.78 9.10866
2.8 8.017
2.82 6.99974
2.84 6.05581
2.86 5.18419
2.88 4.38387
2.9 3.65386
2.92 2.9932
2.94 2.40095
2.96 1.87616
2.98 1.41794
3 1.0254
3.02 0.697655
3.04 0.433858
3.06 0.233168
3.08 0.0947627
3.1 0.0178365
3.12 0.00159842
3.14 0.0452728
3.16 0.148099
3.18 0.30933
3.2 0.528234
3.22 0.804093
3.24 1.1362
3.26 1.52386
3.28 1.96641
3.3 2.46316
3.32 3.01346
3.34 3.61668
3.36 4.27218
3.38 4.97933
3.4 5.73754
3.42 6.54619
3.44 7.40471
3.46 8.31251
3.48 9.26903
3.5 10.2737
3.52 11.326
3.54 12.4253
3.56 13.5712
3.58 14.7632
3.6 16.0006
3.62 17.283
3.64 18.6099
3.66 19.9808
3.68 21.3953
3.7 22.8529
3.72 24.353
3.74 25.8953
3.76 27.4793
3.78 29.1045
3.8 30.7706
3.82 32.477
3.84 34.2234
3.86 36.0094
3.88 37.8345
3.9 39.6983
3.92 41.6005
3.94 43.5406
3.96 45.5183
3.98 47.5332
4 49.5849
4.02 51.6731
4.04 53.7974
4.06 55.9573
4.08 58.1527
4.1 60.3831
4.12 62.6482
4.14 64.9477
4.16 67.2811
4.18 69.6483
4.2 72.0489
4.22 74.4825
4.24 76.9489
4.26 79.4477
4.28 81.9786
4.3 84.5414
4.32 87.1357
4.34 89.7613
4.36 92.4179
4.38 95.1051
4.4 97.8227
4.42 100.57
4.44 103.348
4.46 106.155
4.48 108.992
4.5 111.857
4.52 114.752
4.54 117.675
4.56 120.626
4.58 123.605
4.6 126.612
4.62 129.647
4.64 132.709
4.66 135.798
4.68 138.913
4.7 142.056
4.72 145.225
4.74 148.42
4.76 151.641
4.78 154.888
4.8 158.16
4.82 161.458
4.84 164.78
4.86 168.128
4.88 171.5
4.9 174.897
4.92 178.318
4.94 181.763
4.96 185.233
4.98 188.725
5 192.242
5.02 195.781
5.04 199.344
5.06 202.93
5.08 206.538
5.1 210.169
5.12 213.823
5.14 217.499
5.16 221.197
5.18 224.916
5.2 228.658
5.22 232.421
5.24 236.205
5.26 240.011
5.28 243.838
5.3 247.686
5.32 251.554
5.34 255.443
5.36 259.353
5.38 263.282
5.4 267.232
5.42 271.202
5.44 275.192
5.46 279.202
5.48 283.231
5.5 287.279
5.52 291.347
5.54 295.434
5.56 299.54
5.58 303.665
5.6 307.808
5.62 311.971
5.64 316.151
5.66 320.35
5.68 324.567
5.7 328.802
5.72 333.056
5.74 337.327
5.76 341.615
5.78 345.922
5.8 350.245
5.82 354.586
5.84 358.945
5.86 363.32
5.88 367.712
5.9 372.122
5.92 376.548
5.94 380.99
5.96 385.449
5.98 389.925
6 394.417
