0 0
0.02 1.37838e-1478
0.04 3.61192e-1261
0.06 7.86626e-1135
0.08 8.78232e-1046
0.1 3.61835e-977
0.12 1.77476e-921
0.14 1.04918e-874
0.16 1.83858e-834
0.18 3.32793e-799
0.2 7.02888e-768
0.22 9.76463e-740
0.24 3.19903e-714
0.26 6.51772e-691
0.28 1.75482e-669
0.3 1.13481e-649
0.32 2.85341e-631
0.34 4.13678e-614
0.36 4.79245e-598
0.38 5.83147e-583
0.4 9.39229e-569
0.42 2.43934e-555
0.44 1.21072e-542
0.46 1.33046e-530
0.48 3.6805e-519
0.5 2.86867e-508
0.52 6.95803e-498
0.54 5.7359e-488
0.56 1.7383e-478
0.58 2.0776e-469
0.6 1.04308e-460
0.62 2.32862e-452
0.64 2.43366e-444
0.66 1.24764e-436
0.68 3.27386e-429
0.7 4.57126e-422
0.72 3.5193e-415
0.74 1.54345e-408
0.76 3.97356e-402
0.78 6.17359e-396
0.8 5.93847e-390
0.82 3.62138e-384
0.84 1.43112e-378
0.86 3.74068e-373
0.88 6.59097e-368
0.9 7.96843e-363
0.92 6.72065e-358
0.94 4.01599e-353
0.96 1.72511e-348
0.98 5.40008e-344
1 1.24765e-339
1.02 2.15337e-335
1.04 2.80802e-331
1.06 2.79624e-327
1.08 2.14792e-323
1.1 1.2849e-319
1.12 6.04007e-316
1.14 2.25031e-312
1.16 6.69856e-309
1.18 1.60543e-305
1.2 3.12061e-302
1.22 4.95369e-299
1.24 6.46432e-296
1.26 6.9782e-293
1.28 6.26882e-290
1.3 4.71329e-287
1.32 2.98207e-284
1.34 1.59596e-281
1.36 7.26089e-279
1.38 2.82151e-276
1.4 9.40734e-274
1.42 2.70292e-271
1.44 6.72031e-269
1.46 1.45166e-266
1.48 2.73481e-264
1.5 4.50989e-262
1.52 6.53304e-260
1.54 8.34156e-258
1.56 9.41837e-256
1.58 9.43326e-254
1.6 8.40649e-252
1.62 6.6849e-250
1.64 4.75681e-248
1.66 3.03703e-246
1.68 1.7443e-244
1.7 9.03483e-243
1.72 4.23054e-241
1.74 1.79499e-239
1.76 6.91666e-238
1.78 2.42575e-236
1.8 7.75929e-235
1.82 2.26835e-233
1.84 6.07242e-232
1.86 1.49145e-230
1.88 3.36701e-229
1.9 6.99922e-228
1.92 1.34206e-226
1.94 2.3776e-225
1.96 3.89813e-224
1.98 5.92387e-223
2 8.357e-222
2.02 1.09606e-220
2.04 1.33838e-219
2.06 1.52368e-218
2.08 1.61943e-217
2.1 1.60901e-216
2.12 1.49636e-215
2.14 1.30418e-214
2.16 1.06655e-213
2.18 8.19377e-213
2.2 5.9202e-212
2.22 4.02738e-211
2.24 2.58233e-210
2.26 1.56228e-209
2.28 8.92715e-209
2.3 4.82285e-208
2.32 2.46578e-207
2.34 1.19419e-206
2.36 5.48361e-206
2.38 2.38957e-205
2.4 9.89044e-205
2.42 3.89156e-204
2.44 1.45682e-203
2.46 5.19301e-203
2.48 1.76402e-202
2.5 5.71473e-202
2.52 1.76695e-201
2.54 5.2181e-201
2.56 1.47289e-200
2.58 3.97651e-200
2.6 1.02756e-199
2.62 2.54321e-199
2.64 6.0326e-199
2.66 1.37233e-198
2.68 2.99579e-198
2.7 6.2796e-198
2.72 1.26468e-197
2.74 2.44856e-197
2.76 4.5601e-197
2.78 8.17356e-197
2.8 1.41079e-196
2.82 2.34616e-196
2.84 3.76123e-196
2.86 5.81568e-196
2.88 8.67736e-196
2.9 1.24999e-195
2.92 1.73927e-195
2.94 2.33869e-195
2.96 3.04039e-195
2.98 3.82322e-195
3 4.65232e-195
3.02 5.48073e-195
3.04 6.25347e-195
3.06 6.91354e-195
3.08 7.40892e-195
3.1 7.69944e-195
3.12 7.7622e-195
3.14 7.59454e-195
3.16 7.21394e-195
3.18 6.65521e-195
3.2 5.96523e-195
3.22 5.19667e-195
3.24 4.40159e-195
3.26 3.62601e-195
3.28 2.90625e-195
3.3 2.26707e-195
3.32 1.72174e-195
3.34 1.27345e-195
3.36 9.17574e-196
3.38 6.44294e-196
3.4 4.41003e-196
3.42 2.94337e-196
3.44 1.91611e-196
3.46 1.21701e-196
3.48 7.54376e-197
3.5 4.56483e-197
3.52 2.69727e-197
3.54 1.55669e-197
3.56 8.77758e-198
3.58 4.83676e-198
3.6 2.60527e-198
3.62 1.37208e-198
3.64 7.06711e-199
3.66 3.56079e-199
3.68 1.75548e-199
3.7 8.47024e-200
3.72 4.00077e-200
3.74 1.85029e-200
3.76 8.38076e-201
3.78 3.7185e-201
3.8 1.61655e-201
3.82 6.88718e-202
3.84 2.87617e-202
3.86 1.1776e-202
3.88 4.72806e-203
3.9 1.8619e-203
3.92 7.19286e-204
3.94 2.72651e-204
3.96 1.01427e-204
3.98 3.7036e-205
4 1.3277e-205
4.02 4.6737e-206
4.04 1.61579e-206
4.06 5.48719e-207
4.08 1.83076e-207
4.1 6.00215e-208
4.12 1.93396e-208
4.14 6.1253e-209
4.16 1.9073e-209
4.18 5.83972e-210
4.2 1.7584e-210
4.22 5.2079e-211
4.24 1.51739e-211
4.26 4.34998e-212
4.28 1.22715e-212
4.3 3.4072e-213
4.32 9.31208e-214
4.34 2.50559e-214
4.36 6.63819e-215
4.38 1.73192e-215
4.4 4.45045e-216
4.42 1.12652e-216
4.44 2.80926e-217
4.46 6.90272e-218
4.48 1.67141e-218
4.5 3.98873e-219
4.52 9.3828e-220
4.54 2.17587e-220
4.56 4.97494e-221
4.58 1.12164e-221
4.6 2.49391e-222
4.62 5.46919e-223
4.64 1.18313e-223
4.66 2.52499e-224
4.68 5.31686e-225
4.7 1.10476e-225
4.72 2.26542e-226
4.74 4.58506e-227
4.76 9.16018e-228
4.78 1.80665e-228
4.8 3.51804e-229
4.82 6.76444e-230
4.84 1.28443e-230
4.86 2.40871e-231
4.88 4.46166e-232
4.9 8.16377e-233
4.92 1.47574e-233
4.94 2.63571e-234
4.96 4.65153e-235
4.98 8.11235e-236
5 1.39827e-236
5.02 2.38215e-237
5.04 4.01164e-238
5.06 6.67867e-239
5.08 1.09929e-239
5.1 1.78906e-240
5.12 2.87919e-241
5.14 4.5823e-242
5.16 7.21281e-243
5.18 1.12297e-243
5.2 1.72947e-244
5.22 2.63496e-245
5.24 3.9718e-246
5.26 5.92364e-247
5.28 8.74203e-248
5.3 1.27671e-248
5.32 1.8453e-249
5.34 2.63976e-250
5.36 3.73785e-251
5.38 5.23927e-252
5.4 7.27018e-253
5.42 9.98793e-254
5.44 1.35861e-254
5.46 1.82994e-255
5.48 2.44078e-256
5.5 3.22406e-257
5.52 4.21786e-258
5.54 5.46544e-259
5.56 7.01506e-260
5.58 8.91952e-261
5.6 1.12353e-261
5.62 1.40213e-262
5.64 1.73373e-263
5.66 2.1242e-264
5.68 2.57903e-265
5.7 3.10307e-266
5.72 3.70023e-267
5.74 4.37315e-268
5.76 5.12292e-269
5.78 5.94871e-270
5.8 6.84759e-271
5.82 7.81426e-272
5.84 8.84096e-273
5.86 9.9174e-274
5.88 1.10308e-274
5.9 1.21662e-275
5.92 1.33066e-276
5.94 1.44332e-277
5.96 1.55263e-278
5.98 1.65657e-279
6 1.75311e-280
