0 inf
0.02 6805.8
0.04 5804.55
0.06 5222.74
0.08 4812.66
0.1 4496.68
0.12 4240.21
0.14 4024.82
0.16 3839.49
0.18 3677.13
0.2 3532.87
0.22 3403.27
0.24 3285.77
0.26 3178.42
0.28 3079.73
0.3 2988.5
0.32 2903.77
0.34 2824.73
0.36 2750.76
0.38 2681.29
0.4 2615.86
0.42 2554.09
0.44 2495.62
0.46 2440.17
0.48 2387.48
0.5 2337.32
0.52 2289.49
0.54 2243.83
0.56 2200.17
0.58 2158.36
0.6 2118.29
0.62 2079.85
0.64 2042.92
0.66 2007.41
0.68 1973.25
0.7 1940.34
0.72 1908.63
0.74 1878.04
0.76 1848.52
0.78 1820.01
0.8 1792.45
0.82 1765.81
0.84 1740.04
0.86 1715.09
0.88 1690.93
0.9 1667.53
0.92 1644.84
0.94 1622.84
0.96 1601.51
0.98 1580.81
1 1560.71
1.02 1541.2
1.04 1522.25
1.06 1503.83
1.08 1485.94
1.1 1468.55
1.12 1451.64
1.14 1435.19
1.16 1419.19
1.18 1403.63
1.2 1388.49
1.22 1373.75
1.24 1359.4
1.26 1345.43
1.28 1331.83
1.3 1318.58
1.32 1305.68
1.34 1293.12
1.36 1280.88
1.38 1268.95
1.4 1257.33
1.42 1246.01
1.44 1234.98
1.46 1224.23
1.48 1213.75
1.5 1203.54
1.52 1193.59
1.54 1183.89
1.56 1174.44
1.58 1165.22
1.6 1156.24
1.62 1147.49
1.64 1138.96
1.66 1130.65
1.68 1122.55
1.7 1114.65
1.72 1106.96
1.74 1099.47
1.76 1092.16
1.78 1085.05
1.8 1078.12
1.82 1071.37
1.84 1064.79
1.86 1058.39
1.88 1052.16
1.9 1046.09
1.92 1040.18
1.94 1034.43
1.96 1028.84
1.98 1023.39
2 1018.1
2.02 1012.95
2.04 1007.95
2.06 1003.08
2.08 998.358
2.1 993.766
2.12 989.306
2.14 984.975
2.16 980.772
2.18 976.695
2.2 972.739
2.22 968.905
2.24 965.188
2.26 961.588
2.28 958.102
2.3 954.729
2.32 951.465
2.34 948.31
2.36 945.262
2.38 942.318
2.4 939.477
2.42 936.737
2.44 934.097
2.46 931.555
2.48 929.109
2.5 926.758
2.52 924.501
2.54 922.335
2.56 920.26
2.58 918.273
2.6 916.374
2.62 914.562
2.64 912.835
2.66 911.191
2.68 909.629
2.7 908.149
2.72 906.749
2.74 905.428
2.76 904.184
2.78 903.017
2.8 901.925
2.82 900.908
2.84 899.964
2.86 899.092
2.88 898.292
2.9 897.562
2.92 896.901
2.94 896.309
2.96 895.784
2.98 895.326
3 894.933
3.02 894.606
3.04 894.342
3.06 894.141
3.08 894.003
3.1 893.926
3.12 893.91
3.14 893.953
3.16 894.056
3.18 894.217
3.2 894.436
3.22 894.712
3.24 895.044
3.26 895.432
3.28 895.874
3.3 896.371
3.32 896.922
3.34 897.525
3.36 898.18
3.38 898.887
3.4 899.646
3.42 900.454
3.44 901.313
3.46 902.221
3.48 903.177
3.5 904.182
3.52 905.234
3.54 906.333
3.56 907.479
3.58 908.671
3.6 909.909
3.62 911.191
3.64 912.518
3.66 913.889
3.68 915.303
3.7 916.761
3.72 918.261
3.74 919.803
3.76 921.387
3.78 923.013
3.8 924.679
3.82 926.385
3.84 928.131
3.86 929.917
3.88 931.743
3.9 933.606
3.92 935.509
3.94 937.449
3.96 939.426
3.98 941.441
4 943.493
4.02 945.581
4.04 947.705
4.06 949.865
4.08 952.061
4.1 954.291
4.12 956.556
4.14 958.856
4.16 961.189
4.18 963.556
4.2 965.957
4.22 968.391
4.24 970.857
4.26 973.356
4.28 975.887
4.3 978.449
4.32 981.044
4.34 983.669
4.36 986.326
4.38 989.013
4.4 991.731
4.42 994.478
4.44 997.256
4.46 1000.06
4.48 1002.9
4.5 1005.77
4.52 1008.66
4.54 1011.58
4.56 1014.53
4.58 1017.51
4.6 1020.52
4.62 1023.55
4.64 1026.62
4.66 1029.71
4.68 1032.82
4.7 1035.96
4.72 1039.13
4.74 1042.33
4.76 1045.55
4.78 1048.8
4.8 1052.07
4.82 1055.37
4.84 1058.69
4.86 1062.04
4.88 1065.41
4.9 1068.81
4.92 1072.23
4.94 1075.67
4.96 1079.14
4.98 1082.63
5 1086.15
5.02 1089.69
5.04 1093.25
5.06 1096.84
5.08 1100.45
5.1 1104.08
5.12 1107.73
5.14 1111.41
5.16 1115.1
5.18 1118.82
5.2 1122.57
5.22 1126.33
5.24 1130.11
5.26 1133.92
5.28 1137.75
5.3 1141.59
5.32 1145.46
5.34 1149.35
5.36 1153.26
5.38 1157.19
5.4 1161.14
5.42 1165.11
5.44 1169.1
5.46 1173.11
5.48 1177.14
5.5 1181.19
5.52 1185.26
5.54 1189.34
5.56 1193.45
5.58 1197.57
5.6 1201.72
5.62 1205.88
5.64 1210.06
5.66 1214.26
5.68 1218.48
5.7 1222.71
5.72 1226.96
5.74 1231.23
5.76 1235.52
5.78 1239.83
5.8 1244.15
5.82 1248.49
5.84 1252.85
5.86 1257.23
5.88 1261.62
5.9 1266.03
5.92 1270.46
5.94 1274.9
5.96 1279.36
5.98 1283.83
6 1288.32
